4.39 -1.79 -1
7.41 0.51 -1
3.92 -2.15 -1
2.46 9.76 1
2.77 7.11 1
0.43 -2.98 -1
9.12 5.16 1
5.14 1.25 -1
9.12 13.94 1
3.9 -0.7 -1
6.67 11.02 1
2.05 7.44 1
3.7 6.42 1
4.28 -4.22 -1
5.93 -0.09 -1
1.17 6.19 1
4.21 0 -1
9.74 -0.95 -1
5.03 12.2 1
9.93 11.97 1
7.15 5.61 1
3.1 -2.53 -1
0.33 4.89 -1
8.48 0.81 -1
6.61 10.03 1
5.18 4.6 -1
2 5.77 1
3.41 -4.96 -1
0.54 -2.99 -1
5.47 -3.47 -1
2.68 2.33 -1
8.86 -2.11 -1
4.81 3.54 -1
6.68 5.42 1
4.76 7.69 1
7.83 2.91 -1
7.27 7.5 1
9.65 1.5 -1
4.03 3.38 -1
9.94 -2.78 -1
0.7 11.75 1
9.92 2.89 -1
9.33 1.49 -1
7.93 5.65 1
8.31 2.78 -1
8.93 -4.17 -1
4.91 -4.07 -1
2.7 4.06 -1
0.8 5.53 1
0 -2.47 -1
1.4 -2.25 -1
9.38 0.02 -1
1.54 4.21 -1
0.36 4.87 -1
9.01 11.97 1
3.23 6.78 1
8.35 14.17 1
2.46 5.39 1
1.23 14.77 1
6.67 3.04 -1
6.7 14.5 1
4.36 7.59 1
2.46 -1.48 -1
3.66 14.69 1
5.05 7.55 1
4.62 -0.75 -1
7.28 -4.48 -1
4.28 5.36 1
6.01 -3.62 -1
6.21 1.05 -1
7.82 2.48 -1
7.35 9.58 1
1.22 5.16 1
5.55 12.34 1
4.55 8.02 1
0.22 10.23 1
0.97 6.45 1
4.43 3.15 -1
2.27 5.38 1
7.15 -2.92 -1
7.01 2.89 -1
0.74 1.44 -1
2.38 14.56 1
4.65 9.86 1
7.23 -1.82 -1
5.72 13.96 1
5.81 1.12 -1
2.49 14.37 1
3.14 2.45 -1
7.87 0.07 -1
3.28 -0.95 -1
8.38 9.05 1
3.35 6.14 1
2.29 -4.33 -1
2.1 3.49 -1
3.51 -1.02 -1
0.1 5.21 1
2.77 13.65 1
6.45 8.76 1
1.8 4.3 -1
